1,0,3,0.000888164,0.00815836,0.570781,0.00207886,0.023078,0.00782858,0.00575932,0.281073,0.090128,0.0102265
2,3,3,1.82769e-007,2.31264e-007,0.999991,1.83599e-009,2.091e-006,2.1633e-008,2.64901e-006,3.71925e-006,1.0269e-008,1.98825e-008
3,0,3,6.84506e-005,7.03257e-005,0.960282,0.000119419,0.00294186,0.0355221,3.02942e-005,0.000271264,3.40544e-005,0.000660383
4,4,4,1.25546e-008,4.54698e-007,2.30509e-005,0.954376,0.0448597,5.52972e-005,1.75216e-005,1.05077e-005,0.000573074,8.46802e-005
5,2,2,2.83208e-006,0.93395,0.0250663,1.18512e-005,0.0407973,0.00011387,9.07453e-006,1.7099e-005,2.82304e-005,3.60223e-006
6,0,3,1.24329e-006,0.00011959,0.530285,2.10156e-005,0.000350639,9.95633e-007,1.48679e-005,0.40257,0.0665987,3.82521e-005
7,5,5,1.1444e-008,2.32475e-007,0.0219924,4.58612e-006,0.95707,0.000916852,9.37023e-005,0.0121224,0.00779047,9.24711e-006
8,3,3,7.04728e-008,8.56226e-006,0.996879,2.24668e-005,0.0027519,0.000231331,1.79526e-005,4.94584e-007,3.85755e-005,4.92518e-005
9,5,5,4.39621e-009,6.49676e-006,9.8267e-005,4.06151e-008,0.999874,1.71738e-006,5.88123e-007,3.42744e-006,1.44796e-005,6.58675e-007
10,4,6,1.26815e-006,1.28767e-006,0.00974689,0.00129774,0.0963412,0.891505,1.37671e-006,2.58984e-006,0.000259932,0.000842584
11,3,3,7.42905e-007,3.56579e-005,0.999949,1.54399e-007,3.3953e-006,1.65901e-008,1.11828e-007,9.1453e-006,1.11809e-006,5.70922e-007
12,6,5,3.86442e-010,2.14953e-007,2.81043e-006,7.49852e-007,0.640054,0.35942,0.000213825,4.85779e-008,0.000284028,2.46386e-005
13,9,9,2.46e-013,8.98453e-010,9.17189e-008,6.15064e-010,1.21178e-005,1.17175e-011,3.66724e-009,1.47106e-008,0.999988,6.77766e-009
14,6,6,2.25786e-011,4.29281e-009,0.00320122,4.63546e-009,0.00350897,0.993282,1.42032e-008,3.29213e-010,2.89513e-006,4.97859e-006
15,5,5,4.55667e-011,9.36947e-010,2.8238e-009,1.06485e-009,0.999997,5.48886e-010,2.01816e-009,2.28815e-010,2.56223e-006,8.53563e-009
16,5,5,1.00013e-009,1.58554e-007,0.00472925,6.56222e-011,0.995258,1.0502e-008,1.67992e-008,6.50537e-007,1.23271e-005,9.10521e-009
17,5,5,4.87001e-007,3.90666e-006,0.0123799,7.19743e-007,0.825785,0.000241675,1.34728e-005,0.00124158,0.160228,0.00010466
18,4,4,2.73088e-006,3.22963e-006,4.22152e-005,0.999898,2.1014e-005,2.10035e-006,4.62448e-006,1.41401e-005,8.78033e-006,3.04949e-006
19,5,5,1.91106e-027,3.63182e-021,9.42009e-022,5.77659e-026,1,1.14013e-022,4.51223e-021,1.20722e-027,1.18638e-017,5.99754e-023
20,6,6,1.78003e-009,5.85778e-009,0.269497,3.17818e-007,0.00371803,0.726631,8.05073e-007,1.13016e-007,0.000144771,7.83047e-006
21,5,5,8.93751e-006,0.00427838,0.0205686,3.32862e-005,0.946495,0.000814313,0.0048217,0.00136805,0.0209531,0.000658318
22,9,9,1.19835e-006,1.58315e-005,0.0425443,0.000543478,0.0280934,5.45284e-005,0.0189722,0.000718647,0.908894,0.000161989
23,3,3,4.59032e-006,6.06434e-006,0.999415,6.50567e-005,5.49941e-005,4.5189e-006,7.88563e-006,0.000325853,9.87453e-005,1.69251e-005
24,6,6,9.7873e-008,1.02691e-006,0.000274597,3.29161e-006,0.000333223,0.999373,1.7706e-006,3.85767e-006,1.57194e-006,7.89178e-006
25,8,5,1.44787e-005,5.11118e-007,0.0171249,3.98395e-006,0.978989,1.86111e-007,6.90898e-006,0.00383742,2.04108e-005,1.80571e-006
26,3,3,5.92296e-006,6.16477e-005,0.962476,6.78058e-006,6.21347e-005,8.29894e-006,0.000993127,0.00115463,0.0351864,4.52655e-005
27,3,8,5.09518e-010,7.10827e-007,0.303401,1.27093e-005,0.00446305,1.1414e-006,7.58587e-007,0.6918,0.000319452,8.01563e-007
28,8,8,3.81423e-009,1.78469e-006,2.13991e-006,8.40412e-008,4.59257e-006,5.39311e-007,3.62e-008,0.999967,2.38111e-005,1.80146e-007
29,4,8,5.22871e-009,4.87343e-006,0.270611,0.00152596,0.000189771,1.1335e-008,5.20667e-010,0.72762,2.53421e-005,2.21647e-005
30,6,6,0.000465294,0.00014043,0.284372,0.000603169,0.056402,0.524656,0.00513905,7.24311e-005,0.00851386,0.119636
31,3,3,0.000143035,0.0151343,0.529035,0.00138158,0.387811,0.0006109,0.00912262,0.00856969,0.0442794,0.00391178
32,9,9,3.17919e-009,7.31514e-007,6.33852e-005,1.64877e-006,4.79912e-005,5.5176e-008,4.17197e-008,7.31208e-007,0.999883,2.75079e-006
33,8,8,1.24137e-009,5.51077e-007,0.00569317,8.13145e-008,0.0018564,7.73385e-008,1.66529e-006,0.986294,0.00614175,1.2707e-005
34,5,9,2.45756e-006,0.000440377,0.0870125,0.000667779,0.243657,0.000586439,0.00205188,0.0282131,0.636479,0.000889622
35,3,3,2.36514e-008,1.02861e-006,0.999958,1.3969e-006,1.32636e-006,1.82675e-006,1.10916e-005,2.09144e-005,3.91141e-006,9.68518e-007
36,5,5,1.06728e-009,5.09642e-007,0.000425241,4.98529e-009,0.999396,1.93494e-008,2.6104e-008,1.67884e-006,0.000176387,3.55966e-007
37,3,3,4.85756e-008,4.66306e-008,0.999898,1.01763e-005,3.88192e-005,3.30635e-006,3.89971e-008,4.89253e-005,1.10967e-007,4.43484e-007
38,3,3,1.55245e-009,1.00987e-007,0.999924,3.79467e-009,2.66208e-006,1.66191e-005,3.86138e-008,4.68343e-005,9.8246e-006,9.35208e-008
39,8,8,3.14203e-010,2.18487e-008,0.00235161,9.95311e-008,0.0017973,6.51478e-007,3.42032e-006,0.993938,0.00185338,5.5636e-005
40,3,3,3.23173e-005,0.00238235,0.832294,0.00487817,0.000436177,2.25358e-005,5.51316e-005,0.0136545,0.145754,0.000490793
41,9,9,1.30792e-009,6.94814e-007,0.000342208,5.09963e-008,7.8374e-006,2.13093e-006,1.32649e-005,0.000186438,0.999446,9.41e-007
42,5,5,1.01783e-006,0.00199279,0.0986603,3.20561e-006,0.581006,0.00365526,0.00259618,0.113668,0.198248,0.00017013
43,0,3,2.98648e-011,2.95317e-011,0.999999,4.95434e-008,6.58098e-007,1.14534e-009,5.51074e-011,8.35453e-008,5.83559e-008,5.11193e-010
44,3,3,1.41821e-006,1.01175e-005,0.995623,1.60797e-006,0.000340903,5.36118e-006,2.63122e-005,1.12352e-005,0.00397967,6.19748e-008
45,5,5,9.60062e-005,0.000573453,0.132274,2.12833e-005,0.814679,0.000771821,0.000171278,0.0433204,0.00807321,1.88879e-005
46,5,5,3.11684e-013,5.96143e-010,7.08701e-006,3.86226e-010,0.99999,8.80088e-010,5.05228e-008,2.46106e-007,2.41213e-006,3.77359e-008
47,8,8,2.59909e-012,1.78393e-007,0.00060791,1.80798e-007,0.00153761,5.11056e-007,2.45314e-008,0.996388,0.001449,1.6836e-005
48,3,3,1.30731e-006,1.77834e-008,0.999999,5.2415e-009,4.04583e-009,1.05357e-008,7.62788e-009,4.0456e-009,1.67674e-010,3.01793e-009
49,3,3,3.97114e-006,2.41107e-005,0.99716,6.25609e-005,0.00211602,3.73691e-005,0.000264493,0.000148377,0.000147316,3.59691e-005
50,3,3,3.5761e-010,1.34735e-008,0.999996,1.68942e-010,4.22735e-007,1.3545e-007,1.00628e-008,4.48677e-008,3.7653e-006,7.32238e-008
51,0,4,5.34479e-005,0.000142522,0.192381,0.706857,0.000490847,0.00392853,0.000398437,7.93451e-005,0.00173649,0.0939318
52,5,5,2.56131e-011,2.51974e-008,1.21671e-005,1.06524e-008,0.999984,3.46439e-007,1.34639e-008,2.0682e-009,2.39194e-006,9.8023e-007
53,3,3,5.56263e-007,9.16783e-006,0.994476,9.13755e-006,0.000444172,2.65741e-005,1.14887e-006,2.86941e-006,0.005009,2.15691e-005
54,5,3,0.000200539,0.000923952,0.624973,6.80802e-005,0.337286,0.000130009,0.0002205,0.000147102,0.0345277,0.00152276
55,3,3,7.11995e-005,0.00119851,0.990915,0.000171929,5.07074e-005,0.000836251,0.000425721,0.000543678,0.00559777,0.00018931
56,5,9,3.44427e-006,1.51371e-005,0.00930682,4.97933e-007,0.107873,0.000816934,2.11849e-006,0.00484107,0.877117,2.38744e-005
57,5,5,3.82907e-010,3.21406e-007,0.00119058,7.15428e-008,0.997773,2.39378e-008,6.62264e-008,3.85951e-006,0.00103137,5.76332e-007
58,0,5,3.33781e-008,3.12674e-006,8.61064e-005,2.17088e-006,0.961797,1.0809e-005,5.6378e-006,1.32517e-007,0.0380902,5.22071e-006
59,9,9,4.90832e-006,0.00146674,0.0602403,0.000139677,0.0193341,6.06782e-006,0.000115346,0.00506548,0.913588,3.93866e-005
60,5,5,7.43619e-007,0.000131827,0.000326047,0.00019507,0.976422,0.000641722,0.0125,0.00096502,0.00875683,6.04689e-005
61,3,3,2.27411e-009,7.48092e-008,0.999975,1.21836e-007,1.89411e-006,4.96198e-008,3.71491e-007,1.85737e-006,2.02634e-005,1.43866e-007
62,5,9,0.00039933,0.0134439,0.331373,0.00385713,0.211592,0.00639573,0.00955081,0.0401098,0.381458,0.00182017
63,6,6,1.34075e-007,2.08841e-006,0.0123661,3.87233e-007,0.000184841,0.987341,4.4049e-006,4.41541e-006,7.18841e-005,2.48752e-005
64,5,5,4.81905e-007,0.000119896,0.000680654,8.37632e-005,0.997236,0.000116041,4.14478e-006,1.70855e-006,0.00147505,0.000281764
65,8,3,1.7154e-006,0.00087892,0.510279,2.93258e-005,0.139554,1.02551e-005,0.00314583,0.192474,0.153208,0.000419512
66,5,5,3.59257e-007,0.00348252,0.0165549,1.27997e-006,0.975855,0.0030257,3.98838e-005,0.000228429,0.000688555,0.000123451
67,0,4,0.000201843,0.0151394,0.00340131,0.634668,0.264577,0.0243172,0.00487728,0.00484693,0.0150321,0.0329381
68,5,5,0.000370258,0.000854246,0.00590569,5.18063e-006,0.991854,9.9607e-005,3.32586e-005,2.90004e-006,0.000799848,7.46714e-005
69,3,3,4.17136e-006,4.2268e-005,0.999854,1.65131e-006,5.65919e-006,6.65373e-006,3.45513e-006,3.4297e-005,4.05722e-005,6.8388e-006
70,3,3,2.45884e-006,7.64609e-005,0.999892,9.60322e-009,3.50691e-008,1.68096e-007,1.51323e-008,1.15715e-005,1.67731e-005,1.86545e-007
71,5,5,1.50283e-006,0.0001211,0.00832098,0.00031823,0.974324,4.60987e-005,9.0222e-006,0.000310381,0.0162531,0.000296115
72,6,6,0.000217419,0.00823462,0.0863434,0.00525012,0.0301944,0.836661,0.00780004,0.0109191,0.00100158,0.0133786
73,5,5,1.81758e-008,1.60515e-006,0.00080042,7.39825e-008,0.995918,1.99661e-007,2.55419e-005,0.000121158,0.00313222,4.32153e-007
74,5,5,2.19732e-005,0.000119309,0.118239,0.000323309,0.81893,0.0565265,0.000225257,0.000120288,0.00496284,0.00053153
75,5,5,1.72725e-005,0.000157056,0.000179993,4.40258e-005,0.992508,0.00548667,0.000946703,3.5668e-006,0.000433209,0.000223066
76,5,5,2.38407e-008,0.000297171,0.001055,5.26613e-006,0.988062,6.3437e-005,9.32975e-005,1.72766e-006,0.0101097,0.000312189
77,5,5,2.94636e-007,2.27033e-005,0.350049,1.03054e-005,0.644891,5.74686e-006,0.000191034,1.95656e-005,0.00476149,4.88537e-005
78,0,3,1.30456e-007,3.02382e-007,0.999998,1.16226e-007,5.58447e-007,1.87841e-008,1.24489e-007,5.11754e-007,5.29079e-007,1.03208e-007
79,9,9,1.05275e-007,1.55395e-005,0.000119846,4.82076e-007,2.9205e-005,2.2657e-005,2.52171e-006,2.44316e-005,0.999783,2.68185e-006
80,6,6,4.20243e-009,8.80092e-010,0.000168632,2.73695e-006,0.000473118,0.999333,2.14234e-007,1.25231e-008,2.96096e-006,1.93059e-005
81,9,3,0.00113504,0.00410243,0.475672,0.000497583,0.0118212,0.0260761,0.212296,0.176366,0.086041,0.00599321
82,7,9,2.70264e-007,0.000319173,0.00733287,3.24047e-006,0.47802,0.000160361,0.000261903,1.26815e-007,0.513128,0.000773402
83,9,9,1.12995e-011,6.84457e-010,0.000194416,1.27835e-011,0.0671244,1.25197e-009,3.45046e-009,1.39951e-006,0.93268,8.7535e-010
84,6,6,4.35536e-007,9.72927e-007,0.0138417,4.78127e-005,0.00238749,0.982452,0.00109709,1.67727e-005,1.90446e-005,0.000137041
85,8,8,2.90671e-008,2.12249e-006,1.43837e-010,1.01555e-007,1.01736e-005,2.72235e-007,4.44635e-006,0.998912,0.00107097,3.73114e-008
86,3,3,1.97407e-006,3.55104e-006,0.997869,5.67728e-006,4.1158e-005,0.000528088,2.74128e-006,0.000653444,0.000881494,1.28477e-005
87,5,5,1.30062e-011,8.37581e-009,2.84024e-006,1.14101e-009,0.999957,3.35848e-008,8.92214e-007,9.20733e-007,3.78025e-005,2.04014e-008
88,5,5,6.77449e-009,1.69795e-005,1.43722e-007,1.83988e-007,0.999823,0.000109622,8.34266e-007,7.76454e-010,1.38239e-005,3.57087e-005
89,5,5,9.91511e-008,6.74659e-007,8.25336e-006,3.05464e-007,0.99997,3.59479e-007,8.81591e-006,4.39953e-007,2.45072e-007,1.09043e-005
90,3,3,7.00277e-007,2.8989e-006,0.999038,2.1378e-006,0.00037874,4.79694e-006,3.63438e-005,0.000232072,3.36171e-005,0.000270563
91,9,9,4.37699e-005,0.00574292,0.146301,0.000148467,0.0221421,0.00257578,0.000151441,0.000331822,0.770528,0.0520343
92,9,9,2.82929e-007,5.21421e-006,0.000675603,3.07362e-006,0.00473627,1.33927e-006,5.25398e-006,3.8135e-006,0.994559,9.69755e-006
93,3,3,9.06299e-008,2.00094e-007,0.999983,5.53348e-008,1.16706e-006,4.71823e-007,6.27148e-008,8.58138e-006,5.80097e-006,7.54195e-007
94,8,8,6.11893e-007,6.12365e-005,0.281719,0.00228137,0.0320934,0.000267535,3.52302e-006,0.682924,0.000621125,2.81877e-005
95,6,5,3.69237e-010,5.02099e-007,0.0141646,6.61405e-006,0.917482,0.00454006,2.93081e-005,1.38389e-005,0.0637168,4.67201e-005
96,9,3,5.88758e-005,0.00653102,0.846574,0.00195779,0.00200713,0.00212994,0.000945325,0.00476907,0.129698,0.00532817
97,0,3,5.83441e-009,4.10264e-009,0.999895,4.04867e-008,1.18966e-008,1.3454e-007,3.58861e-009,0.000101761,3.03223e-006,4.62195e-008
98,5,5,2.02621e-008,4.62514e-007,2.28069e-005,4.16959e-007,0.998861,6.59593e-005,0.000247341,3.0935e-009,0.000794917,6.91098e-006
99,5,3,7.04274e-006,4.43367e-005,0.742964,0.000134219,0.255287,0.000398402,2.89926e-005,0.000128119,0.000779425,0.000228074
100,5,5,0.0001662,0.000324348,0.44174,0.000267781,0.547963,0.00105568,0.00456164,0.00231424,0.00141876,0.000188173
101,10,3,0.000111596,0.00313083,0.747206,0.0010779,0.0161338,0.00218452,0.0231317,0.0133721,0.00849958,0.185152
102,3,3,4.8858e-008,1.35335e-006,0.99955,9.73727e-008,9.49477e-007,3.66529e-008,7.44932e-008,0.000227534,0.00021246,7.22014e-006
103,0,3,2.36344e-006,2.03663e-005,0.944887,2.12587e-006,1.07523e-005,5.04613e-006,8.89624e-006,0.0548365,7.64664e-006,0.000219328
104,9,5,1.30444e-007,0.000260354,0.00281994,1.66135e-006,0.952785,0.000798505,0.000154277,4.5597e-005,0.0431298,4.70493e-006
105,9,9,1.45108e-008,8.18505e-006,0.000774564,4.88019e-007,3.62253e-005,3.99149e-007,1.61785e-006,0.00041884,0.998759,2.97831e-007
106,5,5,1.64677e-010,1.36884e-009,8.24162e-007,5.7725e-012,0.999999,9.29843e-011,5.73068e-011,2.05497e-011,9.75061e-009,3.97645e-011
107,5,3,0.000750206,0.0201975,0.612272,0.000722749,0.339104,0.00106153,5.38564e-005,0.0180702,0.00474433,0.00302456
108,5,5,1.06824e-007,1.51312e-006,0.00213371,9.05644e-005,0.996213,0.00143047,8.43631e-006,1.88302e-005,2.0642e-005,8.26897e-005
109,0,9,0.0340836,0.109282,0.0997648,0.0548689,0.0647304,0.0242617,0.0679316,0.200201,0.29309,0.0517851
110,6,6,1.98289e-006,6.2871e-005,0.000266209,0.000174861,0.0102626,0.989033,8.1753e-005,3.37823e-005,7.02557e-005,1.29977e-005
111,4,3,0.000345502,0.0107882,0.500738,0.000175791,0.0652407,0.00077456,0.00362074,0.0432982,0.373185,0.00183365
112,5,5,2.38227e-006,1.2022e-005,0.296445,0.000892839,0.545808,0.146505,1.06277e-005,0.0025252,0.00175847,0.00603985
113,6,6,0.000110844,3.28413e-006,0.0931679,0.000307158,0.0189276,0.868829,8.23954e-005,3.19961e-005,0.0125427,0.00599692
114,3,3,2.68211e-005,0.00160535,0.998311,1.11027e-007,2.30623e-007,4.14164e-006,4.80962e-006,4.91017e-006,3.81635e-005,4.22012e-006
115,8,8,1.83328e-011,1.67202e-010,5.95417e-005,1.44214e-008,3.26201e-008,8.6599e-010,6.48925e-011,0.99994,1.6109e-008,2.36233e-009
116,4,5,1.31817e-005,0.00166751,0.0287629,0.00156023,0.690632,0.243074,0.000572345,0.00194153,0.00509607,0.0266806
117,3,3,1.89213e-008,7.14701e-006,0.985839,1.41411e-006,0.000552995,1.35638e-006,0.000283983,0.0102804,0.00302225,1.10959e-005
118,2,2,9.30331e-019,1,8.41668e-015,1.46707e-018,2.89201e-018,1.99432e-020,1.14194e-017,1.40217e-015,3.19667e-012,3.29813e-017
119,8,3,7.75142e-005,0.000559201,0.701937,0.0229292,0.00110409,0.00052418,2.57488e-005,0.271066,0.00159974,0.000176657
120,0,9,3.51707e-011,2.24185e-007,0.00112669,2.11682e-007,1.43644e-005,8.59414e-010,2.5258e-007,5.8538e-007,0.998856,1.30965e-006
121,3,9,8.46084e-006,0.0023798,0.301355,1.83476e-005,0.000677754,4.64536e-005,0.000130101,0.00102007,0.694005,0.000359066
122,4,9,0.000143266,0.000534836,0.0631485,0.0171504,0.0865174,0.000287938,0.00345047,0.0522217,0.776228,0.000317087
123,8,8,1.41693e-008,0.000291708,0.147715,1.35412e-005,0.00581612,3.0489e-007,2.56397e-007,0.8403,0.00582515,3.79649e-005
124,3,3,1.19725e-007,4.0198e-007,0.999968,8.94781e-007,8.17967e-007,5.98777e-007,5.70446e-007,1.93598e-005,3.84581e-006,4.91464e-006
125,9,5,1.1586e-009,3.93398e-007,0.0103383,2.13142e-007,0.497838,1.33307e-005,4.06246e-005,0.000443472,0.491324,1.64956e-006
126,2,9,0.00308537,0.228767,0.0722485,0.00579474,0.0146491,0.00274532,0.00119572,0.00498381,0.659499,0.00703165
127,3,3,3.02185e-008,1.32898e-007,0.999972,4.66503e-008,4.25795e-006,8.69229e-009,9.4242e-009,2.374e-005,9.60049e-008,3.34629e-008
128,6,3,1.96647e-005,5.22696e-005,0.531491,0.000252599,0.137933,0.28544,0.000395277,0.00279825,0.0281977,0.0134201
129,9,9,4.18478e-008,4.75159e-006,0.00178924,8.51684e-008,5.26804e-006,1.87632e-007,8.01919e-007,2.03947e-006,0.998196,1.59909e-006
130,7,7,3.78971e-009,1.22089e-007,6.77292e-006,1.08377e-007,1.02114e-007,2.22133e-006,0.999964,4.71928e-006,2.19044e-005,9.37393e-008
131,2,2,0.000163874,0.900373,0.0890456,5.27618e-005,0.000622446,0.0083988,0.000958069,0.000115508,8.05244e-006,0.000261431
132,0,3,1.33704e-005,0.000177753,0.92163,3.45168e-006,0.00249015,6.92144e-005,1.92746e-005,0.00306767,0.0725148,1.44107e-005
133,5,5,1.05668e-008,0.00325039,4.16636e-005,5.07507e-007,0.981458,0.00209208,5.67834e-005,3.63785e-006,0.0130601,3.66486e-005
134,6,6,5.58734e-007,0.000205055,0.000879126,4.21409e-006,0.00370596,0.988582,8.59012e-005,0.00310072,0.00343426,1.89444e-006
135,0,9,3.63096e-006,7.61941e-007,0.0193845,1.8091e-005,0.000233461,0.00073418,0.000131482,0.000495396,0.978883,0.000115335
136,5,5,3.06862e-006,3.05131e-006,7.83886e-007,1.13027e-006,0.99997,6.84774e-006,8.15888e-006,1.56591e-006,4.33621e-006,7.77574e-007
137,5,5,1.68963e-007,2.22574e-005,0.000110502,1.90562e-006,0.999551,7.82563e-006,8.16193e-006,2.94088e-007,0.000230775,6.73377e-005
138,0,3,6.10217e-013,6.20051e-013,1,5.2221e-013,1.85692e-009,2.4315e-012,5.57738e-014,7.48176e-011,2.47452e-013,8.13718e-013
139,8,8,4.44405e-007,4.56957e-006,0.142591,2.24189e-005,0.00865087,2.22259e-006,2.70965e-005,0.787425,0.0612642,1.21753e-005
140,2,9,1.48682e-006,0.0259307,0.0130803,3.78245e-007,9.09849e-005,8.88853e-006,3.46251e-006,8.28121e-006,0.960875,4.20845e-007
141,0,8,0.00241302,0.0153332,2.8137e-006,0.0263899,0.00434113,0.262326,0.0027115,0.637744,0.000630402,0.0481072
142,9,9,1.0465e-006,5.46948e-005,0.00324163,2.08795e-005,0.00284389,1.40219e-006,2.52043e-005,0.000171657,0.993609,3.08826e-005
143,6,5,3.82245e-007,1.63332e-005,0.333422,0.000379218,0.523067,0.134722,0.000353207,1.81885e-005,0.00751088,0.000511139
144,7,3,1.51736e-005,6.31724e-005,0.727188,0.000185287,0.0756416,0.190032,0.000306922,0.00363672,0.000966326,0.00196535
145,6,6,0.00015254,1.80417e-005,0.102476,0.00104776,0.0235746,0.692488,5.0748e-005,0.00232315,0.151963,0.025906
146,10,3,5.1191e-005,2.8805e-005,0.580698,0.000508886,0.011958,0.0931508,5.86123e-005,1.7335e-005,0.0612192,0.252309
147,6,6,0.000255931,3.04884e-005,0.0643868,0.000224091,0.00142185,0.932596,3.58787e-005,0.000164497,5.09359e-005,0.000833422
148,10,10,1.61767e-005,0.000260211,0.0286692,4.93842e-005,0.00135762,0.000241771,0.00170495,0.00182454,0.273554,0.692322
149,9,3,4.62879e-008,4.14996e-006,0.771376,4.01506e-007,1.19453e-006,1.46131e-007,4.05706e-006,3.2196e-006,0.228609,1.13498e-006
150,3,3,6.86375e-005,8.7676e-006,0.999772,6.28608e-006,8.91479e-006,2.05166e-006,8.22053e-007,1.11503e-006,0.000122446,8.74257e-006
151,5,5,5.80165e-006,0.00125885,0.271835,0.000770268,0.593323,0.000585932,0.00822444,6.01496e-005,0.11666,0.00727699
152,9,9,4.43961e-006,1.95451e-006,9.33806e-005,1.14477e-006,9.30839e-006,9.56144e-007,1.60933e-005,0.000190531,0.999681,1.23511e-006
153,9,9,5.47283e-010,1.3535e-006,0.00819772,1.6547e-006,7.78832e-005,2.02515e-006,7.78495e-006,0.00187604,0.989833,2.61162e-006
154,2,2,9.73635e-006,0.571268,0.39139,6.20313e-006,0.00680723,4.42283e-005,7.40318e-005,0.0194832,0.00380124,0.00711649
155,6,6,3.3953e-008,6.91493e-007,2.20145e-007,1.33667e-008,0.00025998,0.999738,6.12437e-007,5.04709e-008,2.03414e-007,1.72989e-007
156,5,5,2.64897e-006,0.000227821,5.35486e-005,1.43129e-005,0.999219,0.000213352,6.7785e-006,3.20612e-006,0.000153579,0.000105601
157,3,3,7.3308e-014,1.202e-013,1,2.82164e-012,2.69713e-011,1.43563e-012,1.38587e-011,8.46608e-011,2.42552e-008,4.87389e-014
158,5,3,1.86673e-005,0.000353262,0.759615,3.32426e-005,0.0765523,0.000351164,7.17296e-005,0.149928,0.0130084,6.82124e-005
159,9,9,2.0491e-007,7.22391e-006,0.166714,0.000119451,0.0136412,1.05684e-006,2.99853e-005,0.0258173,0.793657,1.26172e-005
160,3,3,1.39456e-005,0.000316054,0.979733,0.000234505,0.00393876,3.13856e-005,0.000100915,0.000452184,0.0151177,6.1335e-005
161,9,3,0.00357324,0.0816303,0.491577,0.0249267,0.0633377,0.003674,0.00158262,0.00139924,0.290296,0.0380031
162,10,3,0.000261762,0.0106438,0.786129,0.000926439,0.000139043,0.00102866,0.000512411,0.0639534,1.97947e-005,0.136386
163,9,9,1.63053e-019,3.80768e-015,2.2169e-012,2.47758e-015,4.44135e-008,1.56721e-018,8.9665e-015,2.07796e-012,1,7.80119e-014
164,10,6,5.47767e-005,5.183e-005,0.0258874,0.000222962,0.0730423,0.687682,0.0839738,0.000610186,0.06596,0.0625146
165,6,6,2.73788e-007,1.55436e-006,1.59361e-005,0.000165492,0.0163577,0.983422,4.59072e-006,3.04987e-006,1.27193e-005,1.67392e-005
166,2,9,1.13295e-007,0.0289973,0.0202148,4.23365e-006,0.00246564,3.54138e-007,0.000136033,0.0233912,0.924789,1.10731e-006
167,3,3,3.07038e-007,2.69745e-005,0.903122,0.00131996,0.000621405,9.15489e-007,4.4443e-006,0.0803942,0.0144691,4.05037e-005
168,2,2,6.3477e-005,0.995862,0.00368149,5.33116e-007,9.91445e-005,0.000106648,3.41193e-005,6.30846e-007,0.000131944,1.99721e-005
169,5,5,1.39168e-008,4.16849e-005,0.0014861,6.33325e-006,0.905906,0.000104275,3.50661e-006,0.000299226,0.0921216,3.15516e-005
170,6,6,5.97678e-008,8.54484e-006,0.0185669,1.15994e-005,0.0532304,0.901921,5.7098e-006,7.97917e-006,0.0254332,0.000814186
171,9,8,7.26379e-006,4.88749e-005,0.310483,7.39161e-006,0.00125433,7.2877e-005,8.42039e-005,0.680631,0.00740897,1.97988e-006
172,3,3,6.95044e-006,0.000200567,0.968392,0.000553858,0.000284626,0.000612256,4.15585e-005,0.0273369,0.00249745,7.39213e-005
173,0,3,0.000278364,0.0400086,0.363984,0.0122134,0.24402,0.0213995,0.00153639,0.000200263,0.0211801,0.295179
174,5,5,2.12114e-009,3.67104e-006,0.000940879,6.03356e-008,0.998815,1.78016e-007,1.85063e-007,0.000181772,4.91376e-005,8.82208e-006
175,5,3,7.49959e-007,1.26666e-005,0.73257,3.30542e-005,0.063711,0.203274,0.00011988,0.000267856,5.26967e-006,4.72847e-006
176,5,5,7.28557e-010,9.62507e-009,4.95801e-005,1.29069e-008,0.999847,2.60112e-008,3.96499e-007,1.12832e-008,0.000103073,3.97969e-009
177,3,3,1.24207e-006,2.23747e-005,0.999799,5.35403e-006,9.73894e-005,1.95701e-005,1.37877e-005,3.97146e-006,3.17328e-005,5.47547e-006
178,9,9,3.87068e-014,4.28601e-009,8.33773e-006,4.88036e-012,0.000106791,2.46344e-009,9.68717e-010,4.03483e-009,0.999885,1.36266e-008
179,3,3,8.99477e-011,2.25819e-006,0.705086,2.23089e-008,0.00467088,3.32056e-006,2.07153e-007,4.43566e-005,0.290185,7.95566e-006
180,9,9,2.62814e-015,1.15005e-009,2.71534e-005,5.75769e-014,2.10911e-006,4.87681e-012,1.57733e-011,2.77082e-009,0.999971,6.44132e-012
181,0,8,4.29484e-005,0.00351632,0.00151892,0.000356261,0.000198502,7.89081e-005,1.47785e-005,0.992175,0.00170509,0.000393352
182,0,5,2.52235e-005,0.000303278,0.00145354,4.56814e-005,0.98258,5.38645e-005,0.000904909,0.00208348,0.0120473,0.000502996
183,3,3,9.17699e-008,7.17369e-007,0.999997,1.56163e-009,2.80725e-008,1.06934e-008,1.57739e-008,3.80904e-009,1.63883e-006,2.2122e-007
184,3,3,1.0117e-007,5.05013e-007,0.999999,1.05521e-009,8.46244e-009,5.23132e-009,2.63332e-011,7.09318e-008,5.44667e-007,8.9527e-008
185,0,3,1.35727e-008,4.90333e-005,0.99344,2.85773e-007,0.00131356,4.59901e-005,0.000477223,5.75216e-005,0.00451495,0.000101809
186,3,3,1.69107e-007,1.08663e-007,0.999989,3.29322e-008,2.01475e-009,1.01851e-007,1.78329e-007,7.62349e-006,2.90455e-006,2.37581e-007
187,9,9,5.10792e-013,1.56911e-007,0.00448332,6.093e-011,1.25077e-005,8.24416e-010,9.28863e-010,2.31843e-007,0.995504,2.82937e-008
188,0,3,1.34973e-006,0.000114941,0.834944,1.83948e-006,0.00101947,2.5936e-005,4.23377e-005,0.0923281,0.0713405,0.00018147
189,8,8,7.16537e-007,1.75423e-006,0.175546,1.16586e-005,0.000299165,5.10663e-005,8.96188e-005,0.823483,0.000333814,0.000183834
190,5,5,4.00083e-007,1.28684e-005,3.08525e-005,1.57639e-006,0.999271,5.42364e-006,0.000116605,8.41576e-008,0.000394014,0.000167198
191,0,3,0.00417006,0.0287285,0.621011,0.00650703,0.0185751,0.0228142,0.1043,0.115312,0.0564219,0.0221608
192,9,9,1.0321e-007,5.46882e-005,0.19326,1.34433e-006,0.112179,1.5271e-006,1.58223e-006,0.000238286,0.694235,2.85271e-005
193,0,9,0.000319011,0.24499,0.180273,1.76801e-005,0.000233043,5.69916e-005,9.95968e-005,0.00330488,0.570658,4.70707e-005
194,3,3,0.0183499,0.000378786,0.965064,5.01669e-005,0.00105849,0.000111508,0.000121616,2.07301e-005,0.0139749,0.000870094
195,9,9,2.28378e-006,0.000245372,0.295401,5.92645e-007,0.0720263,4.58063e-005,1.45085e-006,1.88494e-005,0.632244,1.39506e-005
196,9,9,7.47248e-009,2.85223e-007,0.0571982,5.22542e-008,1.52142e-007,2.49761e-007,4.27245e-007,0.000195748,0.942604,8.99467e-007
197,9,9,1.05524e-010,6.41175e-007,0.0156818,1.16477e-007,0.0391693,4.13915e-008,7.62378e-006,0.000437717,0.944703,1.38822e-007
198,7,8,2.18965e-005,0.000196843,0.00626485,0.000191675,2.13482e-005,6.34553e-005,0.00686831,0.98626,6.71897e-005,4.45744e-005
199,9,9,1.30815e-008,1.997e-006,8.43385e-006,1.26078e-009,1.55926e-005,3.35175e-008,1.78803e-009,2.24104e-006,0.999972,1.97391e-008
200,9,9,2.13616e-011,1.86877e-006,0.000928699,5.14703e-011,0.000476689,1.26667e-008,1.05112e-009,5.57644e-009,0.998593,2.90098e-008
201,3,3,2.3514e-007,1.77635e-007,0.999889,9.8851e-008,1.95791e-005,1.1907e-005,1.20999e-006,3.60978e-005,4.08934e-005,7.75636e-007
202,5,5,4.69847e-007,8.74645e-007,0.331161,7.09216e-006,0.665197,0.00163478,4.50863e-006,0.00161755,0.000369808,7.07597e-006
203,8,3,5.95202e-006,3.35063e-005,0.978756,0.000285888,0.0170444,0.00150048,0.000106186,0.00209344,0.000110197,6.44037e-005
204,6,6,1.33624e-005,6.11791e-005,0.242092,0.000317755,0.025635,0.727222,0.000388948,0.00240628,0.000645305,0.00121814
205,10,3,1.96988e-009,1.50528e-005,0.566617,4.03776e-005,3.11334e-006,1.0558e-005,3.08415e-008,2.62984e-007,9.29745e-005,0.433221
206,5,5,1.12632e-017,7.30102e-014,2.34458e-010,6.56653e-016,1,1.63432e-013,2.47057e-013,7.37041e-018,1.86059e-013,2.75744e-013
207,5,5,1.40841e-009,3.4752e-007,9.69516e-005,0.000114256,0.99973,3.05058e-007,1.23551e-006,5.21492e-005,4.13854e-006,2.22227e-007
208,5,5,1.90189e-007,1.83888e-006,1.2397e-005,1.45114e-006,0.997721,1.26015e-007,6.25521e-006,4.1891e-006,0.00225078,2.23208e-006
209,3,3,1.76204e-010,2.88327e-010,0.999998,1.64251e-010,6.73174e-008,1.20838e-009,1.13351e-008,9.68464e-007,5.22015e-007,1.30651e-009
210,0,5,1.90918e-011,1.83618e-006,5.89281e-005,6.98797e-007,0.860356,1.07931e-005,6.35805e-009,0.139566,7.08765e-007,4.66959e-006
211,9,9,1.1037e-005,7.44145e-005,0.000438505,1.6983e-005,0.0447815,3.02887e-006,0.458977,7.66406e-006,0.495686,4.01212e-006
212,0,5,1.76329e-006,2.19007e-005,6.90172e-005,1.7414e-006,0.999691,4.52349e-007,7.4841e-006,2.22677e-005,0.000161957,2.21714e-005
213,8,3,1.26939e-007,7.99128e-006,0.992543,5.69218e-006,0.000635986,2.72988e-005,5.71554e-005,0.00574739,0.000901137,7.44396e-005
214,8,8,1.33047e-008,2.08047e-006,3.99297e-005,1.61881e-005,0.00021491,6.61042e-007,1.02137e-007,0.999718,7.56306e-006,3.53597e-007
215,2,2,4.93987e-005,0.909938,0.0810811,6.34543e-005,0.00118651,0.0032571,6.61971e-005,8.42476e-005,0.00260204,0.00167222
216,9,9,1.70458e-009,1.54526e-007,0.000149649,1.43319e-008,0.0145584,1.16554e-008,4.02025e-007,1.05431e-005,0.98528,1.02053e-006
217,9,9,3.98474e-007,6.21108e-005,0.00668735,5.76068e-007,0.182646,1.94471e-006,1.48076e-005,0.00168222,0.808903,1.40922e-006
218,9,5,8.93572e-006,0.000128084,0.0018374,0.00115275,0.52902,0.000754747,0.000282965,3.11345e-005,0.466679,0.000105548
219,3,3,3.18662e-006,0.000615099,0.992632,7.78246e-006,2.14902e-005,3.57194e-006,1.22129e-005,2.83979e-005,0.00666181,1.4612e-005
220,3,3,2.14807e-006,0.00158272,0.993799,6.45024e-007,0.000138371,1.61147e-005,1.85323e-006,0.000181428,0.00414743,0.000130376
221,9,9,0.00972086,0.0539006,0.152852,0.00383978,0.0580895,0.030617,0.0981184,0.0803202,0.42662,0.0859215
222,8,8,7.19838e-011,6.3119e-010,3.82924e-008,5.47071e-010,4.0284e-011,1.65137e-011,4.12122e-011,1,1.00579e-009,3.12471e-007
223,3,3,8.29431e-007,9.86196e-007,0.999226,1.4547e-005,9.25967e-005,8.70961e-007,5.12952e-005,0.000612046,1.25947e-007,6.11646e-007
224,9,9,6.40111e-011,1.62808e-005,1.76784e-005,2.59981e-010,4.42583e-005,4.42742e-008,4.57407e-009,1.8981e-006,0.99992,4.85841e-008
225,8,9,2.31035e-006,0.000891389,0.0154759,0.000101306,0.0108267,7.98792e-005,1.90767e-005,0.0187274,0.953833,4.32511e-005
226,3,3,0.000626554,0.000515735,0.803008,0.000461061,0.00428167,0.00163462,0.000399248,0.188005,3.43819e-006,0.00106451
227,3,3,0.1929,1.43997e-005,0.800894,1.18714e-005,0.00231089,0.00322536,4.54101e-006,3.99553e-006,0.000600042,3.4931e-005
228,3,3,2.80791e-007,6.46916e-005,0.993746,1.99192e-005,0.00349766,0.000185264,0.000155458,0.00196787,0.000297254,6.58047e-005
229,9,9,9.5349e-008,0.000257668,0.046727,3.44984e-006,0.00506463,4.71156e-006,5.06273e-006,0.00134202,0.946592,3.68395e-006
230,0,3,2.55413e-007,2.37562e-007,0.999999,3.07215e-010,3.75399e-011,8.77324e-009,1.40869e-011,6.92445e-013,7.52254e-010,4.0017e-008
231,6,6,0.0016431,0.000959578,0.00079356,0.000170043,0.0240726,0.962419,0.00617542,0.00173723,0.000103807,0.00192583
232,5,5,5.84167e-011,1.24706e-009,2.6521e-006,1.04667e-010,0.999992,1.2055e-008,5.66048e-010,6.68466e-011,5.06269e-006,1.42672e-009
233,6,6,0.000796606,8.44036e-005,0.00114266,0.000264642,0.00134246,0.978121,1.34286e-007,4.92721e-006,0.0182151,2.78936e-005
234,3,3,3.56539e-010,1.34403e-009,0.999993,1.15587e-008,6.06325e-009,3.72938e-009,2.0528e-009,7.13641e-006,1.94879e-008,4.51221e-010
235,9,9,7.58318e-009,0.00449153,0.0440735,3.73891e-009,0.00547062,2.5185e-007,9.68768e-007,8.94121e-007,0.945956,6.40359e-006
236,8,8,7.67367e-009,1.24811e-006,0.00121111,4.97913e-010,0.000265148,5.30079e-008,9.06443e-007,0.998153,0.000368173,8.3748e-008
237,10,6,2.86732e-008,1.66471e-008,2.96631e-006,0.00055871,0.00343781,0.995697,3.87652e-008,1.98395e-007,0.000298287,5.25479e-006
238,9,9,0.00016065,0.00318442,0.30678,8.69782e-005,0.0259654,0.000241093,3.91418e-006,0.012732,0.64807,0.00277578
239,2,2,0.000191619,0.986227,0.0028693,0.00115039,0.00114888,0.000801728,0.00245169,0.00140558,0.00157104,0.00218254
240,3,3,1.96343e-008,6.93874e-008,0.999998,7.08686e-009,5.85349e-007,1.30185e-008,6.20125e-009,6.44905e-007,1.13552e-007,5.81512e-008
241,0,9,6.92054e-007,0.00034918,0.0601874,3.79866e-006,0.0432193,2.83039e-005,5.04711e-005,0.000110679,0.896038,1.21449e-005
242,3,3,3.52572e-005,5.85309e-005,0.999791,8.05483e-007,1.5608e-006,2.4085e-006,1.30313e-005,2.67947e-005,6.8051e-005,2.06481e-006
243,3,3,4.99513e-007,2.74007e-006,0.993094,2.02487e-005,0.000249108,0.000257294,0.000155208,0.000418915,0.0056682,0.000134142
244,5,5,5.36763e-007,6.98346e-007,0.0407997,6.91864e-006,0.838066,0.000218205,4.12506e-005,0.000145745,0.120631,8.95383e-005
245,5,5,1.11953e-008,1.03184e-006,2.20076e-007,5.95096e-009,0.999998,2.37871e-008,4.93844e-010,2.65731e-010,2.88632e-007,6.1941e-009
246,2,2,0.00122869,0.669773,0.319823,3.4048e-006,0.00371936,1.82922e-005,5.48005e-005,0.000432156,0.00429283,0.000654679
247,0,2,0.0056477,0.948118,0.00115829,0.00131903,0.00144695,0.000882679,0.0020182,0.00214043,0.0357163,0.00155247
248,10,6,1.44065e-007,8.04555e-005,0.311786,0.000103788,0.0155666,0.583758,1.29028e-005,2.16989e-005,0.00142874,0.0872416
249,10,5,2.52453e-009,6.45694e-006,0.00776733,7.44461e-005,0.988048,0.0023903,1.52657e-005,2.3032e-006,0.000221445,0.00147424
250,5,5,8.13308e-009,1.47185e-005,0.00040936,7.51883e-008,0.975177,8.75165e-006,3.1722e-005,7.39768e-007,0.0243385,1.86961e-005
251,0,3,5.94391e-008,1.40604e-007,0.999122,1.47432e-005,5.44365e-007,5.69656e-006,3.55943e-008,0.000836449,4.72499e-007,2.01892e-005
252,8,5,4.69896e-009,1.97757e-005,0.00124045,2.35385e-006,0.879009,0.0007133,2.42136e-005,0.00912103,0.109797,7.33856e-005
253,5,5,3.67498e-012,1.40694e-009,2.90609e-005,6.64108e-012,0.999752,1.41241e-011,9.94573e-009,1.22687e-008,0.000218853,4.62107e-012
254,9,5,2.00172e-007,1.69689e-006,9.83137e-005,5.54549e-006,0.994391,1.20627e-005,1.10326e-005,6.96271e-006,0.00546105,1.20952e-005
255,3,3,0.000191793,0.048427,0.763939,0.0407556,0.0241769,0.00532442,0.0229356,0.00811123,0.060787,0.0253519
256,2,5,1.23878e-006,0.0140708,0.000186008,3.18732e-006,0.981966,0.00138609,0.000143014,3.46339e-005,0.00217802,3.06383e-005
257,0,5,3.05351e-007,4.01848e-005,0.120104,2.94869e-005,0.871758,0.00153903,0.000396566,9.58702e-008,0.000723278,0.00540904
258,2,2,0.00177275,0.89343,0.0995688,7.36865e-005,0.00168354,0.000158352,0.000118599,0.000495976,0.00237159,0.000326966
259,0,5,5.7837e-009,5.27702e-007,0.00386178,6.07186e-009,0.990136,1.97698e-008,9.37734e-006,1.82402e-006,0.00599028,2.82363e-007
260,3,3,1.8118e-009,1.43328e-008,0.999998,7.85788e-010,4.32236e-007,2.55321e-009,6.24062e-008,3.89344e-008,9.59294e-007,9.61129e-009
261,3,3,1.12505e-006,1.57075e-006,0.999403,6.33212e-006,8.93544e-005,0.000376573,3.59863e-006,8.66519e-006,6.32502e-005,4.69858e-005
262,0,6,0.00117249,0.000601438,0.0180639,0.000410756,0.080314,0.650992,0.00782112,0.0339034,0.195548,0.0111731
263,9,9,7.28382e-009,0.000374465,0.0184563,7.93868e-008,0.000133764,4.55355e-008,6.66333e-007,0.000115426,0.980892,2.76786e-005
264,5,5,9.83986e-010,3.4596e-009,2.81179e-005,0.00100948,0.998503,0.000413875,6.29435e-007,4.02987e-005,4.21898e-006,8.90858e-008
265,3,3,9.29007e-006,2.07945e-005,0.829954,6.94307e-005,0.0737271,1.35515e-005,0.00896344,0.00333829,0.0837953,0.000108958
266,8,8,1.25649e-008,3.95977e-008,0.00219528,2.47886e-009,7.86488e-006,1.1627e-005,1.63444e-008,0.997756,2.85468e-005,1.11574e-007
267,3,3,6.96068e-006,0.00168947,0.957275,7.27456e-005,0.0237296,0.000875802,0.000149017,0.00458483,0.00942289,0.00219351
268,3,3,2.12462e-007,1.72384e-007,0.991022,1.59483e-007,5.52352e-006,3.58926e-007,5.02617e-007,0.00897056,3.53909e-008,3.25118e-008
269,9,9,7.44719e-005,0.00435126,0.229883,0.00350283,0.00648145,0.000200963,8.58895e-005,2.68846e-005,0.747426,0.007968
270,0,5,0.167535,0.0481812,5.65059e-005,0.00558868,0.680562,0.054433,0.00637532,0.016601,0.000106334,0.0205609
271,9,9,7.69616e-011,1.06162e-006,0.000279961,4.27133e-007,1.58398e-005,1.30605e-005,3.1845e-006,2.01367e-006,0.999684,4.0674e-007
272,3,3,5.33511e-013,1.42831e-010,0.999999,6.84833e-012,6.4843e-010,1.37092e-012,1.03869e-010,5.39743e-007,7.12283e-007,7.06997e-009
273,3,3,1.64543e-006,1.5262e-006,0.999977,2.55426e-007,6.5289e-007,3.76478e-008,1.58118e-007,5.43655e-006,1.25914e-005,3.01338e-007
274,10,10,1.96369e-013,1.88406e-009,1.15063e-009,1.09907e-012,1.17775e-007,4.05721e-013,1.4971e-011,1.48301e-011,0.0112315,0.988768
275,3,3,1.84041e-007,4.69621e-006,0.999828,1.18839e-005,2.50358e-005,4.909e-008,1.38899e-006,6.87784e-006,9.04501e-005,3.10825e-005
276,5,5,2.37438e-005,0.00046788,0.0271536,0.000599395,0.584232,0.356324,0.0252389,0.000305826,0.00496248,0.000691869
277,9,7,0.000331982,0.0261808,1.50851e-005,0.00676602,0.000926685,0.0122594,0.791752,0.00965982,0.144558,0.00755071
278,3,3,3.2693e-006,3.22232e-006,0.997583,4.15854e-006,4.71577e-005,1.83231e-006,8.80999e-006,0.00135621,0.000979003,1.30132e-005
279,10,10,0.00234693,0.00404213,0.123672,0.0476085,0.0365895,0.00427999,0.00326115,0.0108163,0.0190527,0.748331
280,9,9,8.33819e-009,3.08551e-006,0.0843504,9.8048e-007,0.000411117,7.85101e-006,9.65355e-008,0.000270601,0.914954,1.6993e-006
281,9,9,9.12596e-008,4.13159e-005,0.0011565,9.69041e-006,0.021658,6.3638e-006,1.34556e-006,0.000150868,0.976962,1.37933e-005
282,9,9,1.63665e-006,5.88761e-005,0.0247771,2.62109e-006,0.35626,4.5604e-005,0.00370563,4.28482e-005,0.615099,7.19823e-006
283,8,8,3.85031e-005,0.00203877,0.114816,2.62081e-005,0.052766,0.00497096,0.000141925,0.823735,0.000232643,0.00123444
284,3,3,5.14432e-005,0.000636391,0.993816,0.000214849,4.07923e-005,3.66133e-006,5.27358e-005,0.00155054,0.00348825,0.000145545
285,3,3,1.15556e-005,8.33645e-005,0.998655,5.5808e-005,2.46894e-005,1.85077e-005,3.45471e-005,0.000254535,0.000723974,0.000138262
286,9,9,3.85217e-008,5.8739e-006,4.03348e-005,4.7718e-007,0.00337486,0.000295179,1.97003e-005,1.21222e-005,0.996247,4.34869e-006
287,6,6,3.57256e-007,7.58532e-008,0.000118354,3.1076e-006,4.57219e-005,0.999812,1.4028e-006,5.25828e-008,5.91994e-006,1.33398e-005
288,3,9,0.000695422,0.000583725,0.387753,0.000121813,0.00131977,0.000326062,0.00497016,0.158867,0.445023,0.000339842
289,3,3,8.36858e-006,2.41005e-005,0.999649,3.75678e-005,0.00018544,2.24258e-005,1.79157e-005,2.52864e-005,1.79928e-005,1.2348e-005
290,0,5,1.82439e-007,8.82796e-008,5.5502e-007,1.33395e-006,0.705628,5.68061e-007,3.78891e-005,7.0863e-007,1.08869e-007,0.294331
291,3,3,0.000429328,0.00274758,0.604659,0.00380704,0.0104544,0.00306799,0.022978,0.329461,0.0139486,0.00844641
292,5,5,4.2961e-007,7.72349e-006,0.00876989,8.7434e-006,0.979082,0.000317829,0.000185689,0.00802594,0.00314579,0.000456007
293,3,3,7.16521e-009,8.69467e-008,0.999985,3.27746e-008,1.05799e-007,1.34281e-007,2.13911e-007,6.97673e-006,7.70846e-006,9.40385e-008
294,7,9,4.64628e-007,3.6229e-007,0.00629463,8.32492e-005,0.115467,0.0147511,0.115112,0.000281476,0.747999,9.83468e-006
295,8,8,2.05313e-005,0.000244609,0.0165285,0.000713151,0.00407997,0.00172998,7.6618e-005,0.884769,0.0916027,0.000234574
296,9,9,1.13136e-005,0.000384646,0.153878,2.35131e-006,0.00111575,0.000227383,2.01838e-005,0.002279,0.840621,0.00146067
297,9,9,9.24908e-005,0.000197305,0.00124629,0.00015378,0.00011261,0.00132188,0.000123755,0.000946352,0.995533,0.000272944
298,2,2,3.45107e-008,0.999908,8.92514e-005,1.0632e-008,1.93439e-007,1.97994e-006,2.1651e-007,1.92444e-008,8.83659e-008,1.45489e-007
299,3,3,3.33189e-006,4.3408e-006,0.999983,7.91394e-008,1.62731e-006,2.55105e-006,3.31176e-007,5.75293e-007,2.60964e-006,1.31101e-006
300,2,3,1.25179e-005,0.00275681,0.952066,8.43699e-006,0.000241686,2.07285e-005,1.43109e-005,0.000484582,0.0443766,1.82223e-005
301,5,5,1.3153e-008,2.7325e-006,0.00076982,3.2685e-005,0.998655,4.89252e-005,2.40674e-005,3.2169e-006,0.000360225,0.000103665
302,9,9,2.62267e-007,2.00869e-006,0.00253525,2.3136e-006,1.00824e-005,3.34339e-005,6.59136e-007,3.11474e-007,0.997406,9.95743e-006
303,9,3,0.000168853,3.0017e-005,0.860889,0.00524052,0.00328933,0.000754141,0.000753094,0.000863837,0.12779,0.000221462
304,3,3,1.06706e-008,9.20412e-006,0.999776,2.45942e-009,7.20961e-006,8.83286e-008,9.8201e-010,6.76433e-007,0.000206001,3.61144e-007
305,5,5,8.86651e-011,3.18246e-008,3.64756e-005,8.06327e-009,0.999958,1.89119e-007,1.88491e-008,4.55807e-006,9.16057e-007,1.49173e-008
306,9,9,0.000165023,0.000909413,0.150887,0.000210314,0.00881455,0.000416033,0.00090449,0.00261716,0.834407,0.000668609
307,5,5,1.0397e-009,3.8787e-006,0.00142815,1.29506e-008,0.998493,6.82477e-008,2.61561e-007,5.57326e-006,6.87317e-005,1.37183e-007
308,3,3,2.13525e-005,0.000131325,0.998844,8.69131e-005,0.000156443,3.19126e-005,3.40978e-005,0.000356786,0.000264526,7.25264e-005
309,5,5,7.14077e-007,2.80275e-005,0.0207744,1.61476e-007,0.965632,1.86765e-006,3.5679e-005,0.000205093,0.0133206,1.21272e-006
310,5,5,6.51686e-013,6.81179e-012,1.05726e-006,1.14343e-009,0.999999,1.01769e-009,4.35232e-009,1.06327e-007,1.71066e-008,4.46984e-009
311,3,3,3.22906e-009,6.76865e-006,0.988248,1.35597e-007,8.07617e-006,5.03064e-007,7.47838e-008,0.0117277,7.75763e-006,6.72223e-007
312,3,3,3.94768e-007,0.0532979,0.87992,2.42144e-005,0.00983104,4.93482e-005,0.000137363,0.00529643,0.0509586,0.000484413
313,0,3,5.49018e-007,0.000409658,0.913905,1.51997e-006,0.00956855,0.000814849,0.0167832,0.0352342,0.0211943,0.00208775
314,3,3,7.25947e-007,0.000108329,0.997345,6.66074e-008,0.00061516,2.98503e-006,9.88253e-007,3.20982e-005,0.00106461,0.000830516
315,0,5,0.000103347,6.60313e-007,0.00050965,3.20957e-005,0.998314,2.98674e-005,0.000299411,0.000176255,0.000385098,0.000149242
316,0,3,6.32779e-008,0.0183281,0.916374,1.97096e-007,0.00315339,1.22471e-008,5.04055e-008,3.0343e-005,0.0620328,8.08324e-005
